 -6.6711425781250000e-002
 -6.4147949218750000e-002
 -6.6101074218750000e-002
 -8.0657958984375000e-002
 -9.2285156250000000e-002
 -1.0037231445312500e-001
 -1.0772705078125000e-001
 -1.1563110351562500e-001
 -1.2231445312500000e-001
 -1.3940429687500000e-001
 -1.5014648437500000e-001
 -1.4068603515625000e-001
 -1.3186645507812500e-001
 -1.3113403320312500e-001
 -1.3977050781250000e-001
 -1.4230346679687500e-001
 -1.4733886718750000e-001
 -1.4224243164062500e-001
 -1.2280273437500000e-001
 -8.9019775390625000e-002
 -3.4454345703125000e-002
  2.9846191406250000e-002
  9.1705322265625000e-002
  1.2631225585937500e-001
  1.4605712890625000e-001
  1.5600585937500000e-001
  1.4648437500000000e-001
  1.2530517578125000e-001
  1.0144042968750000e-001
  8.4381103515625000e-002
  7.7392578125000000e-002
  7.0343017578125000e-002
  6.3018798828125000e-002
  5.2246093750000000e-002
  5.0872802734375000e-002
  4.8583984375000000e-002
  3.6743164062500000e-002
  3.0639648437500000e-002
  2.5756835937500000e-002
  2.1820068359375000e-002
  1.1138916015625000e-002
 -2.6245117187500000e-003
 -2.0202636718750000e-002
 -2.6336669921875000e-002
 -6.7749023437500000e-003
  2.9663085937500000e-002
  5.9265136718750000e-002
  7.7209472656250000e-002
  9.1339111328125000e-002
  9.3780517578125000e-002
  7.3242187500000000e-002
  5.0384521484375000e-002
  3.6193847656250000e-002
  1.4434814453125000e-002
 -9.8876953125000000e-003
 -1.6784667968750000e-002
 -4.7607421875000000e-003
  7.2021484375000000e-003
  2.0629882812500000e-002
  2.8472900390625000e-002
  2.9144287109375000e-002
  3.7506103515625000e-002
  5.2703857421875000e-002
  7.0465087890625000e-002
  9.1827392578125000e-002
  1.0641479492187500e-001
  1.1648559570312500e-001
  1.4346313476562500e-001
  1.8606567382812500e-001
  2.1841430664062500e-001
  2.2097778320312500e-001
  1.9659423828125000e-001
  1.6574096679687500e-001
  1.3159179687500000e-001
  9.7839355468750000e-002
  6.4666748046875000e-002
  2.3651123046875000e-002
 -2.5695800781250000e-002
 -7.1960449218750000e-002
 -1.0052490234375000e-001
 -1.1877441406250000e-001
 -1.2567138671875000e-001
 -1.1563110351562500e-001
 -1.0052490234375000e-001
 -1.0073852539062500e-001
 -1.0308837890625000e-001
 -9.4451904296875000e-002
 -7.5714111328125000e-002
 -6.3201904296875000e-002
 -4.9835205078125000e-002
 -9.1552734375000000e-003
  5.9875488281250000e-002
  1.4151000976562500e-001
  2.0855712890625000e-001
  2.5503540039062500e-001
  2.7651977539062500e-001
  2.8268432617187500e-001
  2.7597045898437500e-001
  2.7270507812500000e-001
  2.7111816406250000e-001
  2.5863647460937500e-001
